01A56   .684969  -1.972433   .0  5
02A56   .636188   -.758956   .0  2
03A56   .847535  -1.005846   .0  1
04A56   .869163   -.982937   .0  5
05A56   .701955  -1.225213   .0  1
06A56  1.193935  -1.489220   .0  4
07A56   .902016  -1.363315   .0  1
08A56  1.231272   -.332039   .0  2
09A56  1.046108   -.281987   .0  4
10A56  1.378972   -.290221   .0  2
11A56   .890067   -.573132   .0  1
12A56   .604742   -.117793   .0  1
13A56   .893602  -1.367731   .0  1
14A56  1.051299   -.424847   .0  5
15A56   .716244   -.854715   .0  2
16A56   .755845   -.312270   .0  5
17A56  1.164358   -.444101   .0  2
18A56   .903879   -.714416   .0  3
19A56   .368682   -.326408   .0  1
20A56   .829112    .378984   .0  1
21A56   .591835    .074493   .0  1
22A56   .876160   -.256306   .0  5
23A56   .965367    .030348   .0  4
24A56   .586997    .005788   .0  5
25A56   .829711    .181143   .0  5
26A56  1.139542    .364618   .0  2
27A56  1.442186    .212373   .0  4
28A56   .852762    .586999   .0  3
29A56  1.039885   -.286318   .0  1
30A56  1.124883    .278891   .0  3
31A56   .905395   -.046974   .0  1
32A56  1.149571    .380026   .0  3
33A56  1.457840   -.012771   .0  5
34A56  1.150863    .458715   .0  6
35A56  1.222484    .171493   .0  4
36A56  1.151320    .802854   .0  2
37A56   .867419    .204116   .0  1
38A56   .954188    .475160   .0  3
39A56  1.006531    .324807   .0  3
40A56  1.113384    .425915   .0  6
41A56   .948628    .345869   .0  4
42A56   .797365    .358984   .0  1
43A56   .855386   1.452706   .0  2
44A56   .609148   1.085863   .0  5
45A56   .999414    .731968   .0  1
46A56  1.019720    .881154   .0  4
47A56  1.136003   1.229729   .0  4
48A56   .721831    .710396   .0  1
49A56   .804661   1.273888   .0  5
50A56  1.380654   1.045660   .0  3
51A56   .967754   1.803751   .0  3
52A56  1.503313   1.874222   .0  6
53A56  1.240903   1.047733   .0  5
54A56  1.112549   1.190010   .0  5
55A56  1.589016   1.626541   .0  6
56A56   .765927   1.657200   .0  2
57A56  1.446432   1.895972   .0  5
58A56   .888870   2.031505   .0  5
59A56  1.364186   2.806588   .0  4
60A56   .663197   3.276937   .0  3
01F56   .464578  -2.361861   .0  4
02F56   .693183  -2.093968   .0  1
03F56   .421137  -2.566898   .0  1
04F56   .565712  -2.114347   .0  2
05F56   .900353   -.981923   .0  1
06F56   .793641  -1.713724   .0  1
07F56  1.029382   -.606224   .0  5
08F56   .645442   -.977199   .0  1
09F56   .778656  -1.390945   .0  3
10F56   .566141  -1.800351   .0  5
11F56  1.229691   -.455931   .0  2
12F56  1.449206   -.334784   .0  2
13F56  1.103981   -.497983   .0  3
14F56  1.215881   -.890728   .0  5
15F56   .788712   -.658516   .0  5
16F56   .943146    .020260   .0  5
17F56  1.024744   -.175625   .0  6
18F56  1.043882   -.869632   .0  1
19F56  1.124744   -.732733   .0  1
20F56   .509655  -1.032868   .0  1
21F56  1.370540   -.284843   .0  2
22F56  1.126571   -.823190   .0  1
23F56   .939354   -.881925   .0  1
24F56  1.058103   -.005165   .0  1
25F56  1.445389    .307761   .0  5
26F56  1.281143    .018213   .0  2
27F56   .978843   -.634178   .0  2
28F56  1.452237    .688860   .0  3
29F56   .712970   -.193554   .0  5
30F56   .711432    .730528   .0  1
31F56   .836854    .304171   .0  6
32F56  1.504709    .070861   .0  2
33F56   .867518   -.756754   .0  1
34F56   .724374   -.274177   .0  5
35F56  1.046391   -.332878   .0  2
36F56   .892482   -.099739   .0  3
37F56  1.741436   -.067074   .0  3
38F56  1.174842    .338334   .0  5
39F56  2.149459    .902741   .0  3
40F56   .925453    .264240   .0  6
41F56   .997401    .787749   .0  5
42F56  1.461316    .609281   .0  3
43F56  1.223049    .483538   .0  3
44F56   .952073    .038819   .0  4
45F56   .657088   1.283857   .0  5
46F56  1.595035    .355389   .0  4
47F56  1.229988    .365365   .0  4
48F56  1.096014    .420227   .0  2
49F56   .814863   1.024076   .0  2
50F56  1.261348    .581279   .0  3
51F56  1.341863   1.015345   .0  5
52F56  1.685871    .609267   .0  5
53F56  1.292810   1.216834   .0  5
54F56  1.641510   1.060667   .0  4
55F56  1.213243   1.186577   .0  4
56F56  1.406529    .869419   .0  4
57F56  1.588662    .963594   .0  4
58F56  1.608534   1.246127   .0  4
59F56  1.657457   1.465793   .0  6
60F56  1.489964   1.609276   .0  1
01A58  1.164792  -2.038314   .0  2
02A58   .894723  -2.170837   .0  5
03A58   .537232  -1.600487   .0  4
04A58  1.024845   -.849061   .0  1
05A58   .845864  -1.301471   .0  1
06A58   .638090  -2.124935   .0  3
07A58   .742160  -3.106385   .0  1
08A58  1.034821   -.880511   .0  2
09A58   .873645   -.620323   .0  2
10A58   .931286   -.998810   .0  5
11A58   .759420   -.736632   .0  1
12A58   .749470  -1.282166   .0  2
13A58  1.000459    .346708   .0  4
14A58   .998636  -1.052720   .0  1
15A58   .802502   -.453466   .0  5
16A58  1.188427   -.702240   .0  4
17A58  1.536610    .055846   .0  2
18A58   .812227   -.292049   .0  1
19A58  1.051818   -.857404   .0  1
20A58   .696128  -2.086159   .0  1
21A58   .889936   -.777919   .0  1
22A58   .759860    .041217   .0  2
23A58   .607564   -.944479   .0  2
24A58  1.077034    .108210   .0  3
25A58  1.525752    .594424   .0  3
26A58  1.035260  -1.041754   .0  1
27A58  1.077605  -1.800934   .0  1
28A58  1.573347    .253204   .0  2
29A58  1.670578    .298551   .0  5
30A58  1.319545    .501017   .0  3
31A58  1.297507    .574186   .0  4
32A58   .742455   1.057544   .0  5
33A58   .672144    .672199   .0  1
34A58  1.334348    .041616   .0  5
35A58  1.096785    .618708   .0  5
36A58   .829477    .212443   .0  4
37A58  1.007720    .326760   .0  3
38A58  1.197431    .332607   .0  4
39A58  1.050571    .007213   .0  5
40A58   .774286    .367529   .0  1
41A58  1.401923    .429050   .0  2
42A58  1.560581    .526427   .0  5
43A58  1.192366    .893634   .0  5
44A58  1.576330    .265686   .0  5
45A58  1.329843    .753193   .0  6
46A58   .780108   1.101400   .0  1
47A58  1.421776    .892134   .0  5
48A58  1.105583    .789944   .0  4
49A58  1.292512   1.236621   .0  3
50A58  1.351777    .734691   .0  6
51A58  1.521829   1.030673   .0  2
52A58  1.668341   1.104756   .0  3
53A58  1.837557   1.331081   .0  4
54A58  1.805467    .867243   .0  3
55A58  1.427583    .832227   .0  5
56A58  1.099821   1.264980   .0  5
57A58  2.030874   2.263854   .0  6
58A58  1.083166   1.637231   .0  3
59A58  1.704049   2.164073   .0  4
60A58  1.814746   1.674736   .0  6
01B58   .781169  -1.634238   .0  1
02B58   .512058  -1.429710   .0  3
03B58   .749907  -1.309082   .0  1
04B58   .605499  -1.831968   .0  1
05B58   .921555  -1.220726   .0  1
06B58  1.012495  -1.080338   .0  5
07B58   .762847   -.733260   .0  2
08B58   .751235  -1.139411   .0  1
09B58   .657717   -.414295   .0  3
10B58  1.230164   -.526384   .0  3
11B58   .820711   -.462628   .0  2
12B58   .933371   -.138885   .0  1
13B58   .967344   -.416496   .0  3
14B58   .517666  -2.586842   .0  1
15B58   .705064    .073637   .0  1
16B58   .700872   -.182004   .0  2
17B58  1.173431   -.572321   .0  4
18B58   .709802   -.066519   .0  1
19B58   .966164   -.639820   .0  1
20B58  1.816036   -.188154   .0  5
21B58  1.179170    .072717   .0  3
22B58   .834380   -.335357   .0  4
23B58  1.015886   -.303733   .0  2
24B58  1.034286    .194354   .0  6
25B58  1.174949    .079621   .0  5
26B58   .780093   -.580491   .0  2
27B58   .843369   -.065416   .0  5
28B58  1.076782    .334675   .0  6
29B58   .893632   -.302215   .0  1
30B58   .838923    .188390   .0  5
31B58  1.027731    .427444   .0  4
32B58  1.020468   -.124969   .0  2
33B58  1.603301    .488425   .0  5
34B58   .856087    .072587   .0  2
35B58  1.076162    .477171   .0  4
36B58   .723994   1.049830   .0  2
37B58  1.618503    .148687   .0  5
38B58  1.183685    .015940   .0  5
39B58  1.440870    .481175   .0  5
40B58   .663884    .533165   .0  5
41B58   .911674   -.076727   .0  5
42B58  1.106763   -.177988   .0  1
43B58   .265658   5.543384   .0  1
44B58  1.254725    .080624   .0  1
45B58  1.692050    .414935   .0  4
46B58   .884099    .931378   .0  5
47B58   .919384   1.443097   .0  4
48B58  1.410558   1.222092   .0  3
49B58  1.049061   1.065117   .0  2
50B58   .863940   1.073514   .0  3
51B58  1.332628    .877513   .0  3
52B58   .786004   1.609532   .0  5
53B58  1.043161   1.369164   .0  5
54B58  1.163865   2.153634   .0  6
55B58  1.411280   1.256524   .0  4
56B58  1.465625   1.321414   .0  3
57B58  1.349580   1.306116   .0  4
58B58  1.197683   1.598430   .0  4
59B58  1.354047   1.838969   .0  2
60B58  1.703471   1.829762   .0  6
